0,533
0,532
0,531
0,530
0,529
60,4
29,1
29,4
74,1
74,3
62,4
0,528
66,2
0,527
0,526
36,8
0,525
0,524
0,523
0,522
0,521
36,7
0,520
36,6
36,0
0,519
0,518
0,517
0,516
0,515
0,514
0,513
89,35
68,1
68,3
67,1
67,3
3,2
3,1
3,3
10,69
10,118
10,158
10,129
10,128
10,289
10,24
10,72
10,2
10,3
11,15
11,30
11,16
11,11
11,28
11,25
11,2
11,3
9,7
9,2
9,3
8,6
8,15
8,16
8,13
8,17
8,8
8,2
8,3
0,318
12,2
12,1
12,3
20,2
20,1
20,3
19,2
19,1
84,3
19,3
84,2
84,1
84,0
83,3
83,2
83,1
83,0
82,3
82,2
82,1
82,0
81,3
81,2
81,1
81,0
80,3
80,2
80,1
80,0
79,3
79,2
79,1
79,0
78,4
78,3
78,2
78,1
78,0
77,3
77,2
77,1
77,0
76,4
76,3
76,2
76,1
76,0
75,1
75,3
75,2
66,5
66,4
66,3
66,1
64,3
64,2
64,1
62,6
62,3
62,1
60,5
60,3
60,1
57,3
57,1
55,3
